4394,3452
4396,8
4396,206
4394,3290
4394,3289
4394,3288
4394,3287
4394,3451
4394,3286
4394,3285
4394,3284
4394,3283
4394,3282
4394,3281
4394,3450
4396,337
4396,336
4394,3280
4394,3279
4394,2002
4394,941
4394,3278
4394,3277
4396,306
4394,3449
4394,3448
4394,3447
4394,3446
4394,3445
4394,2772
4394,2899
4394,2771
4394,2898
4394,3444
4394,3443
4394,2125
4394,3442
4394,3441
4394,3440
4394,3439
4394,3438
4394,3437
4394,3436
4396,335
4396,305
4394,3435
4394,3434
4394,3433
4394,3432
4394,3431
4394,3430
4394,3429
4394,3428
4394,3427
4394,3426
4394,3425
4394,3424
4394,3423
4394,2770
4394,2897
4394,3422
4394,3421
4396,304
4396,334
4394,3420
4394,3419
4394,3418
4394,3417
4394,3012
4394,3011
4394,3416
4394,3415
4394,3414
4394,3413
4394,3412
4394,3411
4394,2444
4394,2443
4394,3410
4394,3409
4394,3408
4394,3407
4394,3406
4394,3405
4394,3404
4396,303
4394,2001
4394,3403
4394,2000
4394,3402
4394,2769
4394,2896
4394,3401
4394,3400
4394,3399
4394,3398
4394,3397
4394,3396
4394,3395
4394,3394
4394,3393
4394,3392
4394,3391
4394,3390
4394,3389
4394,3276
4394,3275
4394,3388
4396,333
4396,302
4394,3387
4394,3386
4394,3385
4394,3384
4394,3383
4394,3382
4394,2768
4394,2895
4394,3381
4394,3380
4394,3379
4394,3378
4394,3377
4394,3376
4396,332
4394,3375
4394,3374
4394,3373
4394,3372
4394,3371
4394,3370
4394,3369
4394,3368
4394,3367
4394,3366
4394,3365
4394,3364
4394,3363
4394,3362
4394,3361
4396,301
4394,3274
4394,3273
4394,3360
4394,3272
4394,3271
4394,2767
4394,2894
4396,300
4394,3359
4394,3358
4394,2442
4394,3357
4394,3356
4394,3355
4394,3354
4394,3353
4394,3352
4394,3351
4394,3350
4394,3349
4394,3348
4394,3347
4394,3346
4394,1999
4394,3345
4394,3344
4394,3343
4396,331
4396,299
4394,3010
4394,3342
4394,3341
4394,2766
4394,2893
4394,3340
4394,3339
4394,3338
4394,3337
4394,3336
4394,3335
4394,3334
4394,3333
4394,3332
4394,3331
4394,3330
4394,3329
4394,3328
4394,3270
4394,3269
4394,3268
4394,3199
4394,3198
4394,3197
4394,3196
4396,330
4396,298
4394,3267
4394,3266
4394,3265
4394,3264
4394,3263
4394,3262
4394,2765
4394,2892
4394,3261
4394,3260
4394,3259
4394,3258
4394,3257
4394,3256
4394,3255
4394,3254
4394,3253
4394,3252
4394,3251
4396,297
4396,329
4394,3250
4394,3249
4394,3248
4394,3247
4394,3246
4394,3245
4394,3244
4394,3243
4394,2441
4394,3242
4394,3241
4394,3240
4394,3239
4394,3238
4394,2764
4394,2891
4394,3237
4394,3236
4394,3195
4394,3194
4394,3235
4394,3193
4394,3192
4394,3191
4394,3190
4394,3234
4394,3233
4394,3232
4394,3231
4394,3230
4394,3229
4394,3228
4394,3227
4394,3226
4394,1998
4394,3225
4396,296
4396,328
4394,3224
4394,3223
4394,3222
4394,2763
4394,2890
4394,3221
4394,3220
4394,3219
4394,3218
4394,3217
4394,3216
4396,295
4394,3009
4394,3215
4394,3214
4394,3213
4394,3212
4394,3211
4394,3210
4394,3209
4394,3208
4394,3207
4394,3206
4394,3205
4394,3204
4394,3203
4394,3202
4394,3201
4394,3200
4394,2762
4394,2889
4394,3189
4394,3188
4394,3135
4394,3134
4394,3187
4394,3133
4394,3132
4394,3131
4394,3130
4394,3129
4394,3128
4394,3127
4394,3126
4394,3186
4396,326
4394,3125
4394,3124
4396,294
4394,3185
4394,3123
4394,3122
4394,3184
4394,2440
4396,327
4394,3121
4394,3120
4394,3183
4396,192
4394,3119
4394,3118
4394,3182
4394,3181
4394,3117
4394,3116
4394,3115
4394,3114
4394,3113
4394,3112
4394,3180
4394,3111
4394,3110
4394,3109
4394,3108
4394,3107
4394,3106
4394,3179
4394,3105
4394,3104
4396,293
4396,325
4394,2761
4394,2888
4394,3178
4394,3177
4394,3176
4394,3175
4394,3174
4394,3173
4394,3172
4394,3171
4394,3170
4394,3169
4394,3168
4394,3167
4394,3166
4394,3165
4394,3164
4394,3163
4394,3162
4396,292
4294967279,267
4394,3161
4394,3160
4394,3159
4394,2760
4394,2887
4394,3158
4394,3157
4394,3156
4394,3155
4394,3154
4394,3153
4394,3152
4394,3151
4394,3150
4394,3149
4394,1996
4394,3148
4394,3147
4394,3146
4396,324
4396,291
4394,3145
4394,3144
4394,3143
4394,3142
4394,3141
4394,3008
4394,3140
4394,3139
4394,3103
4394,3102
4394,3138
4394,3101
4394,3100
4394,2439
4394,2759
4394,2886
4394,3099
4394,3098
4394,3097
4394,3096
4394,3137
4394,3095
4394,3094
4394,3093
4394,3092
4294967279,263
4394,3091
4394,3090
4394,1997
4394,3136
4394,3089
4394,1535
4394,914
4396,290
4396,323
4394,3088
4394,3087
4394,3086
4394,3085
4394,3084
4394,3083
4394,3082
4394,3081
4394,3080
4394,3079
4394,3078
4394,3077
4394,3076
4394,3075
4394,3074
4394,3073
4394,2758
4394,2885
4394,3072
4396,289
4396,322
4394,3007
4394,3006
4394,3005
4394,3004
4394,3003
4394,3002
4394,3001
4394,3000
4394,2999
4394,2998
4394,2997
4394,2996
4394,2995
4394,2994
4394,2993
4394,1534
4394,2992
4443,4
4443,3
4443,2
4443,1
4396,288
4394,2991
4394,2757
4394,2990
4394,2884
4394,2989
4394,2988
4394,2987
4394,2986
4394,2985
4394,2984
4394,2983
4394,2982
4394,2981
4394,2980
4394,2979
4394,2978
4394,2977
4394,2976
4396,287
4396,321
4394,2438
4394,1995
4394,2975
4394,2974
4394,2973
4394,2972
4394,2971
4394,2970
4394,2969
4394,2756
4394,2968
4394,2883
4394,2967
4394,2966
4394,2965
4394,2964
4394,2963
4394,2962
4394,2961
4394,2960
4294967278,280
4394,2124
4396,286
4396,320
4394,2959
4394,2958
4394,2957
4394,2956
4394,2955
4394,2954
4394,2953
4394,2952
4394,2951
4394,2950
4394,2949
4394,2948
4394,2947
4394,2946
4394,2945
4394,2755
4394,2882
4396,285
4394,2944
4394,2879
4394,2878
4394,2877
4394,2876
4394,2875
4394,2874
4394,2873
4394,2872
4394,2871
4394,2870
4394,2869
4394,2868
4394,2867
4394,2866
4396,255
4396,284
4394,2865
4394,2864
4394,2863
4394,2862
4394,2754
4394,2881
4394,2861
4394,2860
4394,2859
4394,2858
4394,2437
4394,2857
4394,2856
4394,2855
4394,2854
4394,2853
4394,1994
4394,2852
4394,2851
4396,283
4394,2850
4394,2849
4394,2848
4394,2847
4394,2846
4394,2845
4394,2844
4394,2843
4394,2842
4394,2841
4394,2840
4394,2839
4394,2753
4394,2880
4394,2838
4394,2837
4394,2836
4396,254
4396,282
4394,2835
4394,2834
4394,2833
4394,2832
4394,2831
4394,2830
4394,2829
4394,2828
4394,2827
4394,2826
4394,2825
4394,2824
4394,2823
4394,2822
4394,2821
4396,253
4396,281
4394,2123
4394,2820
4394,2819
4394,2818
4394,2752
4394,1215
4394,2817
4394,2816
4394,2751
4394,2750
4394,2749
4394,2748
4394,2747
4394,2746
4394,2745
4394,2744
4394,2743
4394,2742
4394,2741
4394,2740
4394,2739
4394,2738
4394,2737
4394,2436
4394,2736
4394,2735
4394,2734
4394,2733
4394,1087
4394,1214
4394,2732
4394,2731
4394,2730
4394,1993
4394,2729
4394,2728
4394,2727
4294967279,447
4396,252
4396,280
4394,2726
4394,2725
4394,2724
4394,2723
4394,2722
4394,2721
4394,2720
4394,2719
4394,2718
4394,2717
4394,2716
4394,2715
4394,2714
4394,2713
4394,2712
4396,279
4396,251
4394,2711
4394,2710
4394,1086
4394,1213
4394,2709
4394,2708
4394,2707
4394,2706
4394,2705
4394,2704
4394,2703
4394,2702
4394,2701
4394,2700
4394,2699
4394,2698
4394,2697
4396,278
4394,2696
4394,2695
4394,2694
4394,2693
4394,2692
4394,2691
4394,2690
4394,2689
4394,1085
4394,1212
4394,2688
4394,2687
4394,2686
4394,2685
4394,2684
4394,2683
4394,2682
4396,250
4396,277
4294967279,446
4394,2122
4394,2681
4394,2680
4394,2435
4394,2679
4394,2678
4394,2677
4394,2676
4394,2675
4394,2674
4394,2673
4394,2672
4394,1992
4394,2671
4394,2670
4394,2669
4394,2668
4394,2667
4396,249
4396,276
4394,2666
4394,1084
4394,1211
4394,2665
4394,2664
4394,2663
4394,2662
4394,2661
4394,2660
4394,2659
4394,2658
4394,2657
4394,2656
4394,2655
4394,2654
4394,2653
4394,2652
4396,275
4394,2651
4394,2650
4394,2649
4394,2648
4394,2647
4394,2646
4394,2645
4394,1083
4394,2644
4394,1210
4394,2643
4394,2642
4394,2641
4394,2640
4394,2639
4394,2638
4394,1533
4394,1532
4394,2637
4396,248
4396,274
4394,2636
4394,2635
4394,2634
4394,2633
4394,2632
4394,2631
4394,2630
4394,2629
4394,2628
4394,2627
4394,2626
4394,2625
4394,2624
4394,2434
4394,2623
4394,2622
4394,1082
4394,1209
4396,247
4396,273
4394,2621
4394,2620
4394,2619
4394,2618
4394,2617
4394,2616
4394,2615
4394,2614
4394,2613
4394,1991
4394,2612
4394,2611
4394,2610
4394,2609
4394,2608
4394,2607
4394,2121
4394,2606
4394,2605
4394,2604
4394,1081
4394,1208
4394,2603
4394,2602
4394,2601
4394,2600
4394,2599
4394,2598
4394,2597
4394,2596
4394,2595
4394,2594
4394,2593
4394,2592
4396,272
4396,246
4394,2591
4394,2590
4394,2589
4394,2588
4394,2587
4394,2586
4394,2585
4394,2584
4394,2583
4394,2582
4394,2581
4394,1080
4394,1207
4394,2580
4394,2579
4394,2578
4394,2577
4396,271
4396,245
4394,2576
4394,2575
4394,2574
4394,2573
4394,2572
4394,2571
4394,2570
4394,2433
4394,2569
4394,2568
4394,2567
4394,2566
4394,2565
4394,2564
4394,2563
4394,2562
4396,270
4394,2561
4394,2560
4394,1079
4394,1206
4394,2559
4394,2558
4394,2557
4394,2556
4394,2555
4394,2554
4394,1990
4394,2553
4394,2552
4394,2551
4394,2550
4394,2549
4394,2548
4394,2547
4396,244
4396,269
4394,2546
4394,2545
4394,2544
4394,2543
4394,2542
4394,2541
4394,2540
4394,2539
4394,1078
4394,1205
4394,2538
4394,2537
4394,2536
4394,2535
4394,2534
4394,2533
4394,2120
4394,2532
4394,2531
4394,2530
4394,2529
4394,2528
4394,2527
4394,2526
4396,268
4396,243
4394,2525
4394,2524
4394,2523
4394,2522
4394,2521
4394,2520
4394,1077
4394,2519
4394,1204
4394,2518
4394,2517
4394,2516
4394,2515
4394,2514
4394,2432
4394,2513
4394,2512
4394,2511
4396,267
4396,242
4394,2510
4394,2509
4394,2508
4394,2507
4394,2506
4394,2505
4394,2504
4394,2503
4394,2502
4394,2501
4396,266
4394,2500
4394,2499
4394,1076
4394,1203
4394,2498
4394,1989
4394,2497
4394,2496
4394,2431
4394,2430
4394,2429
4394,2428
4394,2427
4394,2426
4394,2425
4394,2424
4394,2423
4394,2422
4396,241
4396,265
4294967279,470
4394,2421
4394,2420
4394,2419
4394,2418
4394,2417
4394,2416
4394,2415
4394,2414
4394,1075
4394,1202
4394,2413
4394,2412
4394,2411
4394,2410
4394,2409
4394,2408
4394,2407
4396,264
4394,2406
4394,2405
4394,2404
4394,2403
4394,2402
4394,2401
4394,2400
4394,2399
4394,2118
4394,2398
4394,2119
4394,2397
4394,2396
4394,2395
4394,2394
4394,2393
4396,240
4396,263
4394,2392
4394,1074
4394,1201
4394,2391
4394,2390
4394,2389
4394,2388
4394,2387
4394,2386
4394,2385
4394,2384
4394,2383
4394,2382
4394,2381
4394,2380
4394,2379
4394,2378
4396,239
4394,2377
4394,2376
4394,2375
4394,1988
4394,2374
4394,2373
4394,2372
4394,1073
4394,2371
4394,1200
4394,2370
4394,2369
4394,2368
4394,2367
4394,2366
4394,2365
4394,2364
4394,2363
